322
323
322
312
314
335
291
331
329
317
318
337
336
364
310
296
310
332
344
286
320
344
299
312
310
331
295
326
347
318
328
323
282
309
280
303
331
316
330
326
315
327
340
333
315
304
316
304
305
315
287
299
327
340
309
309
317
297
317
303
307
309
319
273
310
303
303
327
317
291
307
287
289
293
324
298
305
297
289
310
286
292
305
303
276
285
280
294
295
308
290
287
333
281
257
272
322
275
283
286
308
290
286
250
280
285
324
319
311
263
288
293
298
279
289
309
302
300
330
279
325
259
320
291
282
272
334
273
280
314
288
323
312
339
342
320
312
307
299
305
332
341
330
361
324
352
354
352
310
313
323
394
355
346
374
383
351
375
376
380
355
371
396
390
411
379
381
355
403
383
401
386
381
363
400
422
406
434
448
406
427
474
458
445
414
478
462
481
435
454
450
462
466
488
466
483
442
477
551
480
504
514
520
464
499
509
566
522
525
535
523
537
492
554
533
563
547
505
571
546
574
597
538
537
546
555
562
529
532
550
557
522
532
511
557
554
600
592
591
534
557
554
531
551
522
568
551
557
535
546
548
542
543
535
503
499
525
498
554
527
537
518
524
488
501
480
483
505
494
477
484
462
472
464
430
442
446
424
441
461
451
387
427
453
436
397
430
414
436
407
437
409
372
391
393
419
389
410
376
377
349
385
373
373
353
349
374
355
369
346
315
358
324
327
317
309
359
302
333
293
327
322
293
269
296
313
279
283
290
294
289
278
275
266
261
302
291
247
260
271
250
258
288
283
261
226
239
238
266
275
260
268
240
246
256
259
240
255
219
279
266
254
245
295
258
240
260
252
239
259
246
250
235
247
259
237
275
240
243
240
248
257
244
272
240
269
249
253
243
243
250
247
250
249
254
252
242
264
265
257
267
245
257
268
249
256
239
257
266
247
260
259
262
277
267
260
234
284
274
287
273
296
292
301
274
269
279
266
247
263
267
294
292
289
227
260
281
286
269
241
280
262
262
268
278
283
245
239
260
280
241
241
273
276
306
241
257
248
264
247
248
267
262
257
226
230
233
249
257
239
267
232
283
250
237
243
234
236
233
237
220
224
227
244
253
251
238
213
223
235
253
234
220
207
236
251
235
233
241
236
229
222
218
229
239
207
230
205
198
214
203
220
207
214
211
196
211
198
220
208
231
215
218
193
199
190
225
218
222
203
196
213
198
197
234
213
232
192
173
212
207
202
220
180
194
181
200
206
205
208
211
221
206
211
214
226
220
213
223
211
226
212
211
228
197
222
241
216
211
215
207
233
242
244
247
233
213
242
230
261
245
248
264
236
264
232
275
259
237
267
255
277
260
235
293
274
295
277
274
307
309
284
282
290
271
294
291
294
308
298
311
308
320
325
341
340
329
325
352
332
351
328
331
351
350
346
361
372
344
335
356
402
399
350
392
396
368
375
401
379
375
414
387
407
444
392
389
431
417
391
399
389
459
410
403
394
414
395
410
423
445
455
445
436
412
435
411
387
439
420
411
452
431
428
434
414
403
426
465
421
416
462
450
378
430
359
432
409
417
397
373
394
398
368
394
388
429
390
390
380
413
411
392
370
371
364
382
373
380
358
374
368
355
362
335
354
326
333
360
363
317
325
330
316
330
368
317
296
308
325
306
284
284
321
288
296
309
322
265
275
282
269
266
273
255
271
248
248
265
267
240
234
242
214
225
230
212
254
240
214
247
210
233
213
219
236
209
217
209
186
229
206
232
228
202
184
195
190
200
208
187
186
202
189
206
166
167
157
173
147
160
184
162
174
164
160
160
192
145
172
162
162
160
163
167
149
150
147
149
156
132
125
149
161
141
165
126
145
164
127
174
147
126
137
150
118
144
147
152
149
134
141
142
155
129
152
144
160
141
157
142
162
159
167
158
144
182
176
188
173
174
143
148
173
177
167
167
161
180
185
173
177
160
190
184
191
188
203
211
200
228
194
175
196
244
205
216
230
179
227
235
230
233
227
204
231
242
232
238
255
238
267
226
245
265
269
237
278
285
275
245
296
273
325
295
287
280
274
287
317
312
338
317
290
337
312
332
333
327
326
367
341
352
334
328
381
348
366
329
406
351
383
359
373
350
405
384
380
419
415
405
410
389
409
422
420
410
437
408
394
436
447
452
437
474
490
473
414
442
411
470
458
469
487
499
490
465
465
497
478
468
456
501
495
499
508
466
484
430
482
468
468
536
459
500
495
496
473
507
492
489
510
484
482
482
483
485
487
517
474
481
514
519
473
498
468
474
456
504
455
473
422
466
481
459
472
449
479
448
460
465
451
474
420
424
448
422
450
455
423
445
453
404
406
427
373
445
416
401
387
405
431
388
363
365
411
398
368
353
370
370
382
389
368
373
359
331
323
335
311
332
339
333
307
323
328
318
310
314
323
300
289
299
271
305
310
273
300
258
275
287
265
269
230
297
261
256
249
271
250
242
230
239
260
217
199
211
205
208
225
214
208
190
219
183
190
192
210
173
172
173
176
195
173
173
186
153
179
152
150
155
162
160
157
152
145
141
143
145
144
162
142
138
162
148
133
142
130
146
125
136
135
131
136
113
111
117
116
106
113
98
100
95
95
103
123
103
95
83
96
92
91
95
98
111
102
94
86
81
89
98
96
104
100
86
80
103
89
91
83
70
82
89
73
82
86
69
102
97
85
71
70
59
76
68
70
91
68
77
74
75
74
74
95
80
77
71
77
67
81
68
82
75
84
82
79
67
66
89
56
75
85
77
69
71
81
72
78
89
69
53
69
69
72
66
74
63
67
63
83
76
60
62
75
77
76
68
65
67
65
